545
0,-48.26925962412863,-47.69274941470504,1
18,2.9537550184554604,0
1,-47.297740999860515,-37.066529018097405,2
38,4.853534812197381,0
2,3.8759022797727734,0
2,-47.332789144415244,-33.19078520433584,1
1,3.8759022797727734,0
3,-48.47957489874598,-31.316062861882024,3
20,4.332744482229543,0
4,3.855472543434391,0
22,4.681942721010295,0
4,-48.75749997697761,-27.470620600702382,2
3,3.855472543434391,0
5,2.241611376788272,0
5,-48.25535377902542,-25.285976290882413,1
4,2.241611376788272,0
6,-47.432277519445265,5.380399387043165,1
24,2.427423118064537,0
7,-48.70746653819342,8.660423619200287,3
24,4.801513115400084,0
8,2.0569069872574044,0
26,4.111536444643972,0
8,-48.412078406677104,10.696010071795124,2
7,2.0569069872574044,0
9,4.0984990895503675,0
9,-48.56545225622722,14.79163838126357,3
8,4.0984990895503675,0
10,1.7152471489415115,0
11,4.466387243390426,0
10,-48.36387374265645,16.494999436594643,1
9,1.7152471489415115,0
11,-48.13115914624621,19.236861041889668,3
9,4.466387243390426,0
12,2.9668539254077078,0
30,4.990743776971197,0
12,-47.426360472246245,22.11878419212026,3
11,2.9668539254077078,0
13,3.5255717213549067,0
31,4.125571920513326,0
13,-48.13903401743787,25.571573264797795,2
12,3.5255717213549067,0
14,2.028851194431616,0
14,-47.726082530137596,27.557953952954797,1
13,2.028851194431616,0
15,-48.35291524174158,30.756983884517112,3
32,3.862623899552592,0
16,3.1748976319093165,0
34,3.673551857560363,0
16,-48.13923871482414,33.924682941395446,1
15,3.1748976319093165,0
17,-48.4181294520818,48.66165760780635,1
35,3.2665144738049907,0
18,-45.31550460567317,-47.69274941470504,2
0,2.9537550184554604,0
36,3.605239895988265,0
19,-45.29318074106675,-36.405784913478065,1
38,2.942657672974411,0
20,-45.50581241393801,-34.46715972364925,3
38,4.06687135729368,0
3,4.332744482229543,0
21,3.810454518942094,0
21,-45.088218736524325,-30.679656699028634,2
20,3.810454518942094,0
23,4.963994506837119,0
22,-45.31550460567317,-27.865085199926586,1
3,4.681942721010295,0
23,-45.88393712642872,-25.77985326339195,1
21,4.963994506837119,0
24,-45.014116519588406,5.592249269944798,5
48,4.056973421845168,0
6,2.427423118064537,0
7,4.801513115400084,0
25,2.986327517022764,0
50,4.6213944805688,0
25,-44.5070839299157,8.53521885727273,2
24,2.986327517022764,0
51,2.9448957419421165,0
26,-45.486964342787886,11.216416096697769,2
7,4.111536444643972,0
27,3.279800016690124,0
27,-44.871212389191506,14.43789676265291,1
26,3.279800016690124,0
28,-44.908458070371125,16.914671261539514,3
52,4.077134344284792,0
29,3.572520687248257,0
54,4.18060409088258,0
29,-44.661913707002306,20.478674619802216,3
28,3.572520687248257,0
55,2.951961834624798,0
56,4.933598732260743,0
30,-44.42926926787359,22.584029214506497,1
11,4.990743776971197,0
31,-45.168354429090776,25.571573264797795,1
12,4.125571920513326,0
32,-45.273577889964905,28.425129501553222,4
56,3.9568524344962896,0
15,3.862623899552592,0
33,2.881355389623708,0
58,3.8807858347084974,0
33,-44.86940158947169,31.277996550581832,1
32,2.881355389623708,0
34,-45.93397056521291,33.52170627602025,1
15,3.673551857560363,0
35,-45.315709303059435,47.63935333484377,2
17,3.2665144738049907,0
59,2.8238589693332967,0
36,-41.71117641142484,-47.77382330552097,3
18,3.605239895988265,0
60,2.069813211710713,0
61,3.5986236484927527,0
37,-41.828275636200765,-42.74436222442409,1
61,3.095152536733572,0
38,-42.444837709430864,-37.144822229482116,6
63,4.2878952556379275,0
1,4.853534812197381,0
19,2.942657672974411,0
20,4.06687135729368,0
39,3.7877539340513944,0
65,4.694488974257689,0
39,-42.50115595832177,-33.357487002734466,2
38,3.7877539340513944,0
41,4.992555051257981,0
40,-41.838384295237596,-31.741479432044812,2
64,4.857509829787398,0
67,4.205131302962138,0
41,-43.10034608591837,-28.401018791312914,2
39,4.992555051257981,0
42,3.485315574183753,0
42,-41.96876241356681,-25.104514120587393,3
41,3.485315574183753,0
43,4.877413673531467,0
69,4.4125498959433065,0
43,-41.70649249867665,-20.234156984350335,2
42,4.877413673531467,0
71,3.8947203771879604,0
44,-41.838384295237596,-13.982061506937796,2
71,3.7538943074120734,0
73,3.8759627726247903,0
45,-41.71849160787567,-8.477846318535516,2
73,3.511578756193736,0
75,3.735513360101163,0
46,-41.71117641142484,-2.1575422215403375,2
75,4.4310223168637854,0
47,1.6880976177100595,0
47,-41.70649249867665,-0.4694511019973948,1
46,1.6880976177100595,0
48,-41.77930164871683,3.1437791155940835,4
77,4.256819144944477,0
24,4.056973421845168,0
49,2.229793245959244,0
79,4.263185857824916,0
49,-42.62220080059922,5.208118946988473,2
48,2.229793245959244,0
80,4.490160486538208,0
50,-42.03186818683218,9.122614948851796,1
24,4.6213944805688,0
51,-42.69319265098988,10.855177770517887,1
25,2.9448957419421165,0
52,-41.828275636200765,14.243435473823475,3
81,3.721824379827754,0
28,4.077134344284792,0
53,2.7957428788686487,0
53,-42.55361420256595,16.943446993963352,1
52,2.7957428788686487,0
54,-41.77930164871683,19.687004331991883,1
28,4.18060409088258,0
55,-43.06040771466401,22.958444211838124,1
29,2.951961834624798,0
56,-43.06040771466401,25.145105269396115,3
29,4.933598732260743,0
32,3.9568524344962896,0
57,3.1745819495428975,0
57,-42.706734610478605,28.299924739625663,1
56,3.1745819495428975,0
58,-42.611214211619334,31.248658913317932,1
32,3.8807858347084974,0
59,-42.704314806786016,48.71396873744928,2
35,2.8238589693332967,0
82,3.7256637074919685,0
60,-39.88232700644746,-48.74306867449939,3
36,2.069813211710713,0
83,3.8948740598879326,0
84,4.651708154415259,0
61,-39.58140563179376,-44.873104672195616,5
36,3.5986236484927527,0
37,3.095152536733572,0
62,2.541421839756723,0
63,4.910528563189703,0
85,3.917610574313183,0
62,-39.784765543731304,-42.33983214169101,2
61,2.541421839756723,0
86,4.8521449619621215,0
63,-39.22415356566209,-39.975588798699484,5
61,4.910528563189703,0
38,4.2878952556379275,0
64,3.9513770517401734,0
87,4.113699476603158,0
109,4.86903437819886,0
64,-39.57585828372022,-36.03989516271681,4
63,3.9513770517401734,0
40,4.857509829787398,0
66,4.562834186322426,0
88,3.5918428664575055,0
65,-38.754627391142044,-34.2429996063327,1
38,4.694488974257689,0
66,-38.9570336375447,-31.51921912155235,3
64,4.562834186322426,0
90,4.562550509636796,0
112,4.4384051999685585,0
67,-40.09438764201913,-27.915044413817686,3
40,4.205131302962138,0
68,3.1119713728293594,0
91,4.4525016183401025,0
68,-39.44115991299491,-24.872404218306013,3
67,3.1119713728293594,0
70,4.530452152260085,0
92,4.139813581796122,0
69,-38.90527043507487,-21.928728630050472,1
42,4.4125498959433065,0
70,-39.62651906643549,-20.34574555123669,2
68,4.530452152260085,0
94,4.5572230873599535,0
71,-39.57330304997621,-16.975576067381073,4
43,3.8947203771879604,0
44,3.7538943074120734,0
72,2.612931891866965,0
95,4.389168235591333,0
72,-39.69967797571741,-14.365702037915401,2
71,2.612931891866965,0
96,4.225439432254312,0
73,-39.31612095034904,-11.03905708393656,4
44,3.8759627726247903,0
45,3.511578756193736,0
74,2.5220189711364425,0
97,3.832328486568057,0
74,-39.52129560556136,-8.525397788878731,2
73,2.5220189711364425,0
98,4.604785041842334,0
75,-39.145233001802104,-5.770005811828629,3
45,3.735513360101163,0
46,4.4310223168637854,0
76,2.285093080472253,0
76,-39.414808838526156,-3.5008695764569624,1
75,2.285093080472253,0
77,-38.89496219611097,0.01310903477957448,4
99,3.628002591483586,0
48,4.256819144944477,0
78,2.4522324057974707,0
101,3.7227914562659232,0
78,-39.00474622443606,2.4628827466084786,1
77,2.4522324057974707,0
79,-38.95577223695213,6.337904241392701,1
48,4.263185857824916,0
80,-40.065727730784666,8.899458356766718,1
49,4.490160486538208,0
81,-38.88296308691195,11.96810896949886,2
103,3.4138320193008145,0
52,3.721824379827754,0
82,-38.978718444256316,48.69156773684063,4
59,3.7256637074919685,0
105,4.125365910315768,0
106,1.7978017042102625,0
123,4.979347364479753,0
83,-36.05943367514724,-47.99772947662489,2
60,3.8948740598879326,0
107,4.20278573634922,0
84,-36.40541381062218,-45.652848070311165,2
60,4.651708154415259,0
108,3.72300889177315,0
85,-36.07143278434626,-43.13305776991058,1
61,3.917610574313183,0
86,-36.03867149735642,-39.25598873976396,2
62,4.8521449619621215,0
110,3.5962493552687587,0
87,-36.87049029178192,-36.60174935720367,2
63,4.113699476603158,0
111,4.16107765880641,0
88,-36.54352828429428,-34.11471726135207,1
64,3.5918428664575055,0
89,-36.233227506314265,-31.45024457736526,2
110,4.91807511101855,0
113,4.298294949408984,0
90,-36.532351905587426,-27.65427595874909,3
66,4.562550509636796,0
114,4.039397451786585,0
124,4.807010998526549,0
91,-36.19132547170818,-25.772411371038583,1
67,4.4525016183401025,0
92,-35.93534038948992,-22.670748940876123,1
68,4.139813581796122,0
93,-36.34562301067368,-19.751596847573364,1
115,3.87242332984109,0
94,-36.321703590037394,-17.20783590707448,1
70,4.5572230873599535,0
95,-35.95868103257947,-14.485735616333125,1
71,4.389168235591333,0
96,-37.11796075961828,-11.020694622116894,1
72,4.225439432254312,0
97,-36.79777888590145,-8.150338531464742,2
73,3.832328486568057,0
99,4.9012417514175155,0
98,-36.591279426761446,-4.973067501089372,1
74,4.604785041842334,0
99,-37.38103704883155,-3.283925003905288,3
97,4.9012417514175155,0
77,3.628002591483586,0
100,3.8905697582808343,0
100,-36.155189032491606,0.40847661088214005,3
99,3.8905697582808343,0
102,4.808739215868081,0
117,3.4106272492783725,0
101,-36.9751419770698,3.20269624214784,2
77,3.7227914562659232,0
118,4.230511394732304,0
102,-36.45083458325012,5.208118946988473,4
100,4.808739215868081,0
103,4.0456192302041005,0
119,3.7017141895736585,0
128,4.847571268168737,0
103,-36.837041499187386,9.235261752238797,4
102,4.0456192302041005,0
81,3.4138320193008145,0
104,1.8916924682517184,0
120,3.4539879045041872,0
104,-36.00362335280169,10.933470981902595,1
103,1.8916924682517184,0
105,-36.384809363302764,45.48372117353026,3
82,4.125365910315768,0
121,3.83199963094045,0
122,2.367261081256779,0
106,-37.242198319019955,48.22617669447903,1
82,1.7978017042102625,0
107,-33.70726433043869,-44.51481298042895,1
83,4.20278573634922,0
108,-34.464351996355404,-42.47588816476981,1
84,3.72300889177315,0
109,-34.35915167178334,-39.77746674379776,1
63,4.86903437819886,0
110,-34.44549749982908,-36.03189103050114,2
86,3.5962493552687587,0
89,4.91807511101855,0
111,-34.58132704008268,-33.12694016968163,1
87,4.16107765880641,0
112,-34.55750763706685,-30.933035114411826,1
66,4.4384051999685585,0
113,-34.2337265714919,-27.645335185046008,3
89,4.298294949408984,0
115,4.658663683699661,0
125,3.2657959039587054,0
114,-33.212966282856875,-25.352448236892027,3
90,4.039397451786585,0
126,2.671527130940955,0
139,4.846970250990675,0
115,-34.21729808069321,-22.986700468467323,3
113,4.658663683699661,0
93,3.87242332984109,0
116,2.660481725171165,0
116,-33.92879946019081,-20.341907176745273,1
115,2.660481725171165,0
117,-33.57709474213268,2.641368919870386,2
100,3.4106272492783725,0
127,1.928725610348042,0
118,-33.49817417827269,5.612659226736571,2
101,4.230511394732304,0
129,2.786944451360611,0
119,-34.23614637518449,8.174234939721396,2
102,3.7017141895736585,0
130,3.981850314134744,0
120,-34.32077987343797,11.601368232353785,2
103,3.4539879045041872,0
131,4.710016512686932,0
121,-33.57528394241287,42.8778071149126,2
105,3.83199963094045,0
136,3.101856312662565,0
122,-34.03056772302765,45.23578705722563,1
105,2.367261081256779,0
123,-34.02159165600061,48.221680323400854,3
82,4.979347364479753,0
137,4.2226173683341175,0
138,3.749182872622351,0
124,-31.733978225302142,-27.942312005626334,1
90,4.807010998526549,0
125,-31.640822584590698,-25.659819684974224,2
113,3.2657959039587054,0
140,4.478848256884178,0
126,-31.53839842815774,-23.270891196750693,2
114,2.671527130940955,0
141,4.464687324028443,0
127,-31.677533501113484,2.9755089677994526,1
117,1.928725610348042,0
128,-31.624275785638986,5.658981867594749,4
102,4.847571268168737,0
142,4.559479853716432,0
143,3.8626764217267264,0
144,4.156837634866987,0
129,-31.640822584590698,7.690471641854128,1
118,2.786944451360611,0
130,-31.816323506389377,11.336447647277792,3
119,3.981850314134744,0
145,3.6581535628835993,0
146,4.621318831475049,0
131,-30.288281565960517,14.035133412065058,3
120,4.710016512686932,0
132,2.673684494892073,0
147,3.855247409512818,0
132,-30.29382974893502,16.708812150412648,2
131,2.673684494892073,0
148,3.9919915708650655,0
133,-30.41705876436602,23.11422787985991,1
148,3.5595432447368043,0
134,-30.35656452927228,33.71662826751062,1
135,2.9146591978431498,0
135,-30.491101048857033,36.62818080258013,3
152,4.023976985645669,0
134,2.9146591978431498,0
150,2.6924256393357564,0
136,-30.48518400165801,42.60800173959285,2
121,3.101856312662565,0
152,3.3161694956968146,0
137,-31.13256001860518,45.14207099144246,4
123,4.2226173683341175,0
153,4.427822274990451,0
154,3.7484215098307145,0
155,4.270007735117244,0
138,-30.288281565960517,47.877053011700774,1
123,3.749182872622351,0
139,-28.366453263893266,-25.41902278912375,1
114,4.846970250990675,0
140,-28.374328135084934,-22.595493377359045,1
125,4.478848256884178,0
141,-28.589087551655076,-19.919026304622232,1
126,4.464687324028443,0
142,-28.545787872199643,2.295684571301437,2
128,4.559479853716432,0
157,3.075277582354124,0
143,-27.762639271020152,5.569357273168355,4
128,3.8626764217267264,0
158,2.914379967550375,0
159,3.3600531811572707,0
172,4.742417954801332,0
144,-28.56463594334977,8.472858758669231,2
128,4.156837634866987,0
160,4.843564815583213,0
145,-28.168742372544227,11.6143673508882,2
130,3.6581535628835993,0
161,4.403421840536426,0
146,-28.33240141937667,14.372707621945795,2
130,4.621318831475049,0
162,3.6841589307364955,0
147,-27.919436280827444,17.07676202247398,2
131,3.855247409512818,0
163,4.556971705847346,0
148,-28.366453263893266,20.204697815986655,4
132,3.9919915708650655,0
133,3.5595432447368043,0
149,3.0701766699758157,0
164,3.4153892446855822,0
149,-27.568083262062302,23.16925345301562,1
148,3.0701766699758157,0
150,-28.771610083725843,34.55634426361651,1
135,2.6924256393357564,0
151,-27.930035918603267,36.34523568778496,2
152,3.7317185935195543,0
165,4.109269043260453,0
152,-28.374328135084934,40.05041153888749,4
136,3.3161694956968146,0
135,4.023976985645669,0
151,3.7317185935195543,0
166,4.768421733511253,0
153,-27.92822511888345,42.086281739984344,4
137,4.427822274990451,0
167,3.203999232290289,0
168,2.644121037191071,0
169,4.569475866540845,0
154,-27.470300337170315,45.94114410517998,3
137,3.7484215098307145,0
170,3.5270648236518656,0
181,4.181704146599234,0
155,-28.545787872199643,48.53936048757634,1
137,4.270007735117244,0
156,-25.550798723320227,-37.144822229482116,0
157,-25.54292385212856,2.9591149636504435,2
142,3.075277582354124,0
171,3.4699709681484032,0
158,-24.861071385432783,5.842330533007066,2
143,2.914379967550375,0
173,3.9598350306551247,0
159,-25.1567169361913,7.690471641854128,2
143,3.3600531811572707,0
174,4.853592999189926,0
160,-24.63698033231851,11.3072266818384,2
144,4.843564815583213,0
175,2.9540847920639712,0
161,-24.756539837589695,14.3977102629569,1
145,4.403421840536426,0
162,-25.82384311255946,17.070885201020946,1
146,3.6841589307364955,0
163,-24.744553850297596,20.34572404125091,2
147,4.556971705847346,0
176,2.543182174249351,0
164,-26.08691940177273,22.748043853033085,1
148,3.4153892446855822,0
165,-24.848853287921138,33.626337810651385,1
151,4.109269043260453,0
166,-25.24941063723546,36.448643020470925,2
152,4.768421733511253,0
177,3.429239190831973,0
167,-25.82989415796415,39.66499731659162,4
153,3.203999232290289,0
178,4.01834137938667,0
179,3.930371012488887,0
180,4.0421952693848455,0
168,-25.29716177970262,42.348735096859436,1
153,2.644121037191071,0
169,-24.777315137287438,45.39564360940537,2
153,4.569475866540845,0
182,3.6181436003755203,0
170,-25.090691716243942,48.54453594688481,1
154,3.5270648236518656,0
171,-22.073678412884654,2.8881600337433166,2
157,3.4699709681484032,0
198,4.89155251156157,0
172,-23.06781019286362,6.239512467819523,4
143,4.742417954801332,0
184,4.458414380715679,0
185,3.8186154881582532,0
186,3.75499867653052,0
173,-22.02532387615643,8.606173787179856,1
158,3.9598350306551247,0
174,-22.939608924433074,12.008086384508102,1
159,4.853592999189926,0
175,-23.15321117143089,13.861643647782387,1
160,2.9540847920639712,0
176,-22.680131827077926,21.830963847297483,3
163,2.543182174249351,0
187,3.922733102485751,0
188,3.0101640146811794,0
177,-22.658082008960257,34.202602645005854,1
166,3.429239190831973,0
178,-22.857494918246278,36.960942916063445,3
167,4.01834137938667,0
189,3.59860710501424,0
190,4.338906220824694,0
179,-21.91884863579805,40.05427770314789,4
167,3.930371012488887,0
191,3.1933569900070045,0
205,4.808814665178006,0
206,4.9001358941243165,0
180,-22.658082008960257,42.17078068457627,1
167,4.0421952693848455,0
181,-23.295701832311067,45.69747036241691,3
154,4.181704146599234,0
192,3.857929900166961,0
193,4.993405642268613,0
182,-21.93301042582499,47.631911442490406,1
169,3.6181436003755203,0
183,-19.292051035726033,-36.76069190652579,1
194,3.949332610385688,0
184,-20.244280781098915,2.7891298149718677,2
172,4.458414380715679,0
199,4.258761689110576,0
185,-19.439533986605802,5.04895124826571,3
172,3.8186154881582532,0
200,4.119829500573907,0
218,4.890286408105208,0
186,-20.020059661378355,8.432964486573804,1
172,3.75499867653052,0
187,-19.191066354599183,20.03812890729487,3
176,3.922733102485751,0
201,2.8240174757118117,0
202,3.7346515047417763,0
188,-19.756589723208414,22.547894082525254,1
176,3.0101640146811794,0
189,-19.292051035726033,36.47351803276559,4
178,3.59860710501424,0
203,3.0377281483819996,0
204,1.685100227087332,0
221,4.933586103906909,0
190,-19.46423734003394,39.66499731659162,1
178,4.338906220824694,0
191,-19.46423734003394,42.0969260459455,1
179,3.1933569900070045,0
192,-19.439533986605802,45.58088279725204,3
181,3.857929900166961,0
207,2.548194441467776,0
208,3.7549381611991914,0
193,-18.9899215087891,48.22617669447903,1
181,4.993405642268613,0
194,-16.667259000725824,-39.711572256600206,5
183,3.949332610385688,0
211,3.876319549856666,0
212,2.4579179527045416,0
213,3.846028874847126,0
225,4.690417210861629,0
195,-17.523175525767165,-25.415970785493506,1
214,4.1296649582144775,0
196,-17.33292216057081,-21.964681414535466,1
215,2.542533296732887,0
197,-16.567159197867458,-20.01276086144481,1
215,3.077168299439421,0
198,-17.251670225140817,2.0662579649445414,2
171,4.89155251156157,0
217,4.110035940216676,0
199,-17.088918715952,5.649329346904521,2
184,4.258761689110576,0
219,4.644019084949287,0
200,-16.640707928269233,8.072123060944445,1
185,4.119829500573907,0
201,-16.378265052627018,20.289571820794947,3
187,2.8240174757118117,0
220,4.079063495155945,0
232,4.7381081125121645,0
202,-17.29255010090366,23.25422248434202,1
187,3.7346515047417763,0
203,-17.639407099340314,33.924682941395446,1
189,3.0377281483819996,0
204,-17.61633116647861,36.65107279935657,1
189,1.685100227087332,0
205,-17.111442681599755,39.937888375588024,1
179,4.808814665178006,0
206,-17.58909147755835,42.348735096859436,1
179,4.9001358941243165,0
207,-16.933060311443707,45.121661034650685,1
192,2.548194441467776,0
208,-16.767646023234484,48.219173021170064,1
192,3.7549381611991914,0
209,-13.34710509537228,-47.99772947662489,1
210,2.990594649883039,0
210,-13.448260400503935,-45.00884607907443,4
211,2.654047245816313,0
209,2.990594649883039,0
222,2.8966593674151913,0
236,4.646281087645868,0
211,-13.86259928913248,-42.38734077326343,4
194,3.876319549856666,0
210,2.654047245816313,0
223,3.8777462017874638,0
224,2.5658527460767435,0
212,-14.234357211654983,-39.36178725554501,2
194,2.4579179527045416,0
226,3.181085508815289,0
213,-13.796574069185118,-37.15205938693477,1
194,3.846028874847126,0
214,-13.395258038395447,-25.29584633105003,2
228,3.6520805840200037,0
195,4.1296649582144775,0
215,-14.86505196827131,-22.576312250052307,3
228,4.223963528836588,0
196,2.542533296732887,0
197,3.077168299439421,0
216,-14.759337968641486,-20.225101474493524,1
228,4.892872184891638,0
217,-13.34710509537228,3.349521997506968,2
198,4.110035940216676,0
247,4.8879191270498135,0
218,-14.653963024902314,6.055535434411553,4
185,4.890286408105208,0
229,4.694000826207979,0
230,3.245676522814116,0
231,4.3232237039472965,0
219,-13.450436203238775,8.53521885727273,1
199,4.644019084949287,0
220,-13.603090177590538,23.27908071198094,2
201,4.079063495155945,0
233,2.2456649445630164,0
221,-14.366126250277444,36.74835771833998,2
189,4.933586103906909,0
234,2.731954360068928,0
222,-11.65799138971527,-47.28603126255072,1
210,2.8966593674151913,0
223,-10.626906791474065,-44.52444387467762,3
211,3.8777462017874638,0
235,4.152663583431724,0
255,4.5902678651743285,0
224,-11.330003850306541,-42.79911821046419,1
211,2.5658527460767435,0
225,-12.05161762403643,-38.87738505114821,3
194,4.690417210861629,0
237,4.582212173051504,0
238,2.95140969775909,0
226,-11.993091745965023,-37.104347527290855,1
212,3.181085508815289,0
227,-11.330003850306541,-25.399841661817014,1
228,2.6049393182321117,0
228,-10.652352882013071,-22.884588589690374,5
239,3.9105803212466266,0
214,3.6520805840200037,0
215,4.223963528836588,0
216,4.892872184891638,0
227,2.6049393182321117,0
229,-11.286001487914294,2.7859056630443897,3
218,4.694000826207979,0
246,4.158122027640823,0
248,3.8923591853334294,0
230,-11.410827799890273,5.927122027662778,2
218,3.245676522814116,0
249,4.231564540637752,0
231,-10.968945751311683,8.316267813024831,1
218,4.3232237039472965,0
232,-11.645491277374248,20.06480332181605,3
201,4.7381081125121645,0
250,3.7621808075389738,0
251,4.503827741791566,0
233,-11.494790673154187,22.505721647359174,1
220,2.2456649445630164,0
234,-11.647032888800394,37.01313293823615,3
221,2.731954360068928,0
252,3.904166092258204,0
253,2.875413529193566,0
235,-8.609826950118256,-48.15432042226929,1
223,4.152663583431724,0
236,-8.805533374810858,-44.82714932534784,2
210,4.646281087645868,0
254,4.214953118436736,0
237,-8.728861270442863,-42.03269147264121,2
225,4.582212173051504,0
256,3.265255377564359,0
238,-9.145742931184493,-39.39382621282015,1
225,2.95140969775909,0
239,-9.033732793946726,-19.324713948719225,2
240,2.5333464685725082,0
228,3.9105803212466266,0
240,-8.382336383583143,-16.876545848609627,3
241,3.171085011952725,0
239,2.5333464685725082,0
257,3.760416363443824,0
241,-9.217993144741897,-13.817549619360419,3
242,2.745623037713004,0
240,3.171085011952725,0
258,4.918742846164877,0
242,-8.834461977950568,-11.098845937581165,3
243,3.4002294847569026,0
241,2.745623037713004,0
259,4.278034783871404,0
243,-7.939311320141257,-7.818561521736443,4
245,4.633298058767391,0
242,3.4002294847569026,0
260,4.056170584428517,0
261,3.101703856821711,0
244,-7.824139557500183,-6.245166398793109,1
245,3.1909552527378238,0
245,-9.168818864046196,-3.351374252227976,4
246,3.0505410592815405,0
243,4.633298058767391,0
244,3.1909552527378238,0
262,4.153895040989273,0
246,-8.567695537023726,-0.3606466651562313,3
229,4.158122027640823,0
245,3.0505410592815405,0
263,4.185884742259428,0
247,-8.609622252731992,2.1461892470724506,1
217,4.8879191270498135,0
248,-8.821961865609545,5.799038379564156,1
229,3.8923591853334294,0
249,-8.295499624556333,8.790837939123497,1
230,4.231564540637752,0
250,-7.898210108132928,19.7303062855601,2
232,3.7621808075389738,0
264,3.314213642474179,0
251,-8.567695537023726,23.352908811062328,1
232,4.503827741791566,0
252,-8.739847859422747,34.40721887961848,1
234,3.904166092258204,0
253,-8.94738696590098,36.02322645030814,1
234,2.875413529193566,0
254,-5.7637689763608595,-47.74493943687774,1
236,4.214953118436736,0
255,-6.265768795231126,-45.95658718167529,3
223,4.5902678651743285,0
265,3.2251690200972245,0
266,3.7010460442041677,0
256,-5.4847047548825145,-41.6620957586073,3
237,3.265255377564359,0
267,3.122253330351643,0
268,3.008099468982014,0
257,-5.786297538353546,-19.59708137319207,1
240,3.760416363443824,0
258,-5.325985833890995,-16.82525809575591,2
241,4.918742846164877,0
269,3.2602862362942577,0
259,-5.682945026777128,-13.99185864382359,2
242,4.278034783871404,0
270,3.485777924325854,0
260,-6.294973830499521,-11.526481967234417,3
243,4.056170584428517,0
271,3.721335310381519,0
272,3.7771043694171045,0
261,-4.924669803101323,-8.548289785655173,2
243,3.101703856821711,0
295,4.815888897024305,0
262,-5.699052690617282,-5.63513577946407,2
245,4.153895040989273,0
273,4.194184019057408,0
263,-5.1744039769025,-2.8116063676993672,3
246,4.185884742259428,0
274,4.123672511113413,0
275,1.7990823210454794,0
264,-5.795273605380584,22.291881998544923,3
250,3.314213642474179,0
276,3.329567040880563,0
277,4.429442923699655,0
265,-3.3866739704173128,-47.41004106739895,3
255,3.2251690200972245,0
285,3.9635883500770808,0
286,4.606191849496762,0
266,-2.6611753431178116,-45.11715411924497,2
255,3.7010460442041677,0
287,3.6653483018332333,0
267,-2.4305138417339736,-42.31046581107179,3
256,3.122253330351643,0
288,3.3161006173370944,0
311,4.681173902549603,0
268,-3.152871237467415,-39.76177608488148,2
256,3.008099468982014,0
289,4.32155510181811,0
269,-3.134023166317288,-19.23871329661068,2
258,3.2602862362942577,0
291,4.843263677915578,0
270,-3.177322845772723,-16.415183884845973,3
259,3.485777924325854,0
292,4.933233190628588,0
293,4.106424369086206,0
271,-3.08180244691345,-13.403678321374253,2
260,3.721335310381519,0
294,2.7731242440713895,0
272,-2.523060869445705,-11.328517243851662,1
260,3.7771043694171045,0
273,-2.9154259447249826,-8.77242788018877,1
262,4.194184019057408,0
274,-2.2558069312099707,-5.724760373890464,4
263,4.123672511113413,0
296,2.9169626794077947,0
297,2.4729555524916713,0
298,3.8218987914476243,0
275,-3.432732416383477,-3.2624692883056428,1
263,1.7990823210454794,0
276,-2.6102385974078595,23.262226616557687,3
264,3.329567040880563,0
299,2.957720357821287,0
300,3.7338975395888356,0
277,-2.9717441936158813,25.704746817903086,3
264,4.429442923699655,0
278,2.8690229128168725,0
301,3.556712729389349,0
278,-2.5496119419022962,28.542544702942017,4
277,2.8690229128168725,0
279,2.5051272232887096,0
280,4.665369518962663,0
302,3.7980578264212554,0
279,-2.1683045434720456,31.01848231781937,2
278,2.5051272232887096,0
303,3.7723533365369137,0
280,-2.2728360913151344,33.19969703854343,3
278,4.665369518962663,0
281,3.541702335118207,0
304,3.80709384293484,0
281,-2.7569776666618706,36.7081528763163,4
280,3.541702335118207,0
282,3.067525885166003,0
283,4.912058087849404,0
305,4.405636814198146,0
282,-3.163780886283995,39.74858478587595,2
281,3.067525885166003,0
306,3.8540156895396374,0
283,-2.076328091402998,41.5728245830306,2
281,4.912058087849404,0
284,3.306945419735659,0
284,-2.2606179938034883,44.87463094334065,2
283,3.306945419735659,0
308,3.4541328379983516,0
285,0.5736395277537569,-47.5711298785274,4
265,3.9635883500770808,0
309,2.1348169735250706,0
310,3.2820239684959427,0
314,4.557725487597028,0
286,0.6344495685949145,-45.16336155345572,1
265,4.606191849496762,0
287,-0.2692596241286316,-42.33983214169101,1
266,3.6653483018332333,0
288,-0.3917456899825769,-39.69513643837174,2
267,3.3161006173370944,0
312,3.926497255643908,0
289,0.25504776969105003,-37.104347527290855,1
268,4.32155510181811,0
290,0.2132908143568435,-25.25978514984761,1
291,2.6335862061753943,0
291,0.325171895747137,-22.628576505710043,2
269,4.843263677915578,0
290,2.6335862061753943,0
292,0.3930155700307292,-19.819515435937554,1
270,4.933233190628588,0
293,0.7472013203617052,-17.62383237322128,1
270,4.106424369086206,0
294,-0.45190557146431254,-14.283371732489385,1
271,2.7731242440713895,0
295,-0.7474049094477802,-10.944796384171362,1
261,4.815888897024305,0
296,-0.56314455865261,-8.100379317573644,1
274,2.9169626794077947,0
297,0.16235406864689161,-5.2070668898956916,1
274,2.4729555524916713,0
298,0.6672108555847547,-3.2624692883056428,1
274,3.8218987914476243,0
299,0.11460292617973111,22.111857812041787,1
276,2.957720357821287,0
300,0.6344495685949145,25.109925060987706,1
276,3.7338975395888356,0
301,-0.35379343400802005,28.112347129347835,1
277,3.556712729389349,0
302,0.1750886107377827,31.188532259844468,1
278,3.7980578264212554,0
303,-0.29150053818861466,34.29082955205862,1
279,3.7723533365369137,0
304,-0.07373648919341347,36.30741717859151,1
280,3.80709384293484,0
305,0.21729487597275376,39.95828188617848,1
281,4.405636814198146,0
306,-0.33494513951674265,42.36605021125017,2
282,3.8540156895396374,0
307,3.6059466538178397,0
307,0.5246655402698222,45.868038325075936,2
306,3.6059466538178397,0
313,3.0053757530026943,0
308,-0.04389128527032682,47.52362251792413,1
284,3.4541328379983516,0
309,2.622856385669342,-48.169589383995664,1
285,2.1348169735250706,0
310,2.6757871664009416,-45.05068217323536,1
285,3.2820239684959427,0
311,2.181838501946753,-43.11021262329076,3
267,4.681173902549603,0
315,4.51308276790202,0
316,2.8857652668170135,0
312,3.4699780895586434,-38.98487581782108,3
288,3.926497255643908,0
317,2.8458840212622847,0
318,3.630803859863687,0
313,2.4596556691082587,48.16762450916087,2
307,3.0053757530026943,0
319,2.8309665981438012,0
314,5.110742857450628,-48.00420607961116,1
285,4.557725487597028,0
315,6.288823588575161,-44.981198878757645,1
311,4.51308276790202,0
316,4.948084724623208,-42.28831055449198,2
311,2.8857652668170135,0
320,4.546549494046153,0
317,6.271200153160431,-39.487081764486916,1
312,2.8458840212622847,0
318,6.302283691822071,-36.71314043618257,2
312,3.630803859863687,0
323,4.652137955914016,0
319,5.228929371447611,48.75541277149484,2
313,2.8309665981438012,0
321,4.014052223534567,0
320,8.74450570515653,-39.78665109717615,2
316,4.546549494046153,0
322,3.117579799066107,0
321,9.105037803889038,47.71214929891504,3
319,4.014052223534567,0
347,3.9345471422904374,0
348,1.9508400010161742,0
322,11.861840127613558,-39.82576506027861,1
320,3.117579799066107,0
323,10.953866172539534,-36.641251730962566,2
318,4.652137955914016,0
349,4.650561919119176,0
324,11.197010345329216,-27.65427595874909,1
325,2.5159396738323783,0
325,11.202221114098547,-25.138341680940425,3
326,2.9865493433699073,0
324,2.5159396738323783,0
350,4.232027359371447,0
326,11.60997548387844,-22.179758683235505,3
327,3.1721241999214493,0
325,2.9865493433699073,0
351,4.356544322280306,0
327,11.50740846141567,-19.009293110858096,3
329,4.7080440500540695,0
326,3.1721241999214493,0
352,4.190137820945631,0
328,10.90237195707625,-17.518377764980567,1
329,3.1522368953388766,0
329,10.684914642440052,-14.373650469864678,3
330,3.2285642668693875,0
327,4.7080440500540695,0
328,3.1522368953388766,0
330,11.766772493685732,-11.331741395779138,2
331,2.504639904388887,0
329,3.2285642668693875,0
331,11.129509708218079,-8.909528111835055,3
332,3.2999557325549875,0
330,2.504639904388887,0
356,4.117019970049868,0
332,10.729141769745581,-5.633949788749831,3
333,3.4069455978722303,0
331,3.2999557325549875,0
357,4.428768589541806,0
333,11.85702906502004,-2.419117202747967,3
360,2.726156994916439,0
332,3.4069455978722303,0
358,3.6376166460603194,0
334,10.942744016743397,-0.5278448404632732,1
360,2.7398746231845923,0
335,12.064659610510075,3.23200602264685,1
362,2.780165831481853,0
336,10.90237195707625,5.751191819266917,1
362,2.5179468021321476,0
337,11.94056632485276,8.696764929773153,1
385,4.708584347062622,0
338,11.03876386803341,19.900291434238675,1
339,2.8756861712046327,0
339,10.586651108865404,22.740214850152395,3
340,2.4344475871433104,0
338,2.8756861712046327,0
364,4.279342731496972,0
340,10.817318916451962,25.16370972679049,3
341,3.0907887804671503,0
339,2.4344475871433104,0
365,3.90559070355427,0
341,11.197010345329216,28.231088038035903,2
342,3.2345853245701903,0
340,3.0907887804671503,0
342,11.619289542805962,31.4379903597949,2
343,3.1096416136863883,0
341,3.2345853245701903,0
343,11.808674528291817,34.54185960524365,2
344,2.826073706679151,0
342,3.1096416136863883,0
344,11.928567215653741,37.36538901700836,2
345,2.6992954188648093,0
343,2.826073706679151,0
345,10.730973088406216,39.78447232782814,4
347,4.877638315318585,0
344,2.6992954188648093,0
366,4.005821132347518,0
367,3.386338571688753,0
346,10.65242673724087,42.36486422053593,1
347,2.393830113397923,0
347,11.51141252303158,44.599269293842966,6
321,3.9345471422904374,0
345,4.877638315318585,0
346,2.393830113397923,0
368,3.457401999673084,0
369,2.732754149462082,0
370,4.04110162388528,0
348,10.81454274831285,48.652026713557674,1
321,1.9508400010161742,0
349,14.888189022274785,-39.120935153823744,2
323,4.650561919119176,0
371,2.6824125978203694,0
350,14.438720048461947,-27.865085199926586,1
325,4.232027359371447,0
351,14.20589891053451,-25.6784241423686,1
326,4.356544322280306,0
352,14.422905257867326,-22.01880027788713,2
327,4.190137820945631,0
372,4.258187357701051,0
353,14.422905257867326,-20.544822475792934,2
354,3.5706934551362988,0
373,3.800752996822093,0
354,13.859374023674789,-17.01887802094929,3
355,3.5549617338196704,0
353,3.5706934551362988,0
374,3.650148042414755,0
355,13.969432276972357,-13.465620345265856,3
357,4.699967597760758,0
354,3.5549617338196704,0
375,4.291158245153275,0
356,14.12576321796806,-11.733057523599758,1
331,4.117019970049868,0
357,13.859374023674789,-8.766941530866843,2
332,4.428768589541806,0
355,4.699967597760758,0
358,13.535648003644603,-5.646266614006465,2
333,3.6376166460603194,0
378,4.041836312276704,0
359,13.76473181708196,-2.5973527172856743,2
360,2.207588453262568,0
379,4.650746951135794,0
360,13.679220126562038,-0.39142104795349797,5
382,4.877927335136746,0
333,2.726156994916439,0
334,2.7398746231845923,0
359,2.207588453262568,0
380,4.574557245279835,0
361,14.477906401091037,3.2635213453984244,1
382,3.167248854504386,0
362,13.418672959917332,5.660167858308988,3
384,4.410603487598535,0
335,2.780165831481853,0
336,2.5179468021321476,0
363,14.33093787318038,8.920249211489448,1
384,3.2452871159599197,0
364,14.025750525863257,20.193576003825537,1
339,4.279342731496972,0
365,13.86229327979812,22.717944024550352,3
340,3.90559070355427,0
386,3.8772425271603153,0
387,2.6047489333600344,0
366,13.947380847812012,37.396727770804475,1
345,4.005821132347518,0
367,14.043910569630123,39.083234730712284,1
345,3.386338571688753,0
368,14.0712005398092,42.27523962610954,4
347,3.457401999673084,0
388,3.7180300803525896,0
389,2.37625600856933,0
390,4.086052161218173,0
369,14.047800343980926,45.61646252186902,2
347,2.732754149462082,0
391,3.674798960543396,0
370,14.501825821727316,47.31734409736695,1
347,4.04110162388528,0
371,17.455733351821237,-39.89750032221548,2
349,2.6824125978203694,0
404,4.973227366880448,0
372,17.158471346561,-25.28205597544965,1
352,4.258187357701051,0
373,17.61056312890784,-22.614740503166377,3
353,3.800752996822093,0
392,4.391349655900287,0
405,4.952974007065756,0
374,16.40486050450946,-19.63499715192024,2
354,3.650148042414755,0
393,4.389976974780319,0
375,16.233709932394824,-17.110765854583896,1
355,4.291158245153275,0
376,16.183676493610633,-14.200160705582007,2
377,3.503052638947856,0
394,4.225985717167908,0
377,17.58762514838218,-10.990751731019136,3
379,4.837388642356648,0
376,3.503052638947856,0
395,4.357862679986118,0
378,16.600924996068954,-8.280752851387952,2
358,4.041836312276704,0
396,4.345900751888878,0
379,16.64967593239963,-6.245166398793109,3
359,4.650746951135794,0
377,4.837388642356648,0
397,4.139247468605744,0
380,17.715960844152086,-2.543466207631338,2
360,4.574557245279835,0
398,3.090300734232275,0
381,17.116265081326027,-0.03762374872032015,2
382,2.633067797876553,0
399,3.566598059652357,0
382,17.565317800219265,2.5568699752784623,5
401,3.463444319605295,0
360,4.877927335136746,0
361,3.167248854504386,0
381,2.633067797876553,0
400,3.4725772812628484,0
383,16.502749538326746,6.096719799724738,1
401,2.742449900364176,0
384,17.334192040618976,7.690471641854128,3
407,4.965058854656308,0
362,4.410603487598535,0
363,3.2452871159599197,0
385,16.193771561140466,10.716916352666491,2
402,4.754080241525983,0
337,4.708584347062622,0
386,16.69269727913433,20.068071798392626,2
365,3.8772425271603153,0
403,3.617872659544133,0
387,16.46437773998138,22.60015833818299,1
365,2.6047489333600344,0
388,17.158471346561,40.203403087145915,1
368,3.7180300803525896,0
389,16.40486050450946,42.72315009419107,1
368,2.37625600856933,0
390,16.606231331071502,45.479836504274985,1
368,4.086052161218173,0
391,16.844069168858635,48.00079220952294,1
369,3.674798960543396,0
392,20.157721452383672,-26.191881299322347,2
373,4.391349655900287,0
414,4.778461467124657,0
393,19.690969393159527,-22.54590529389868,1
374,4.389976974780319,0
394,19.49544625822431,-16.82525809575591,1
376,4.225985717167908,0
395,20.03862335221535,-14.594024540899394,1
377,4.357862679986118,0
396,19.473205344164327,-11.542172626150691,1
378,4.345900751888878,0
397,20.08577887199135,-8.553101882052594,1
379,4.139247468605744,0
398,19.625671864915066,-4.973067501089372,1
380,3.090300734232275,0
399,19.720814597082615,-2.474208148877245,1
381,3.566598059652357,0
400,19.977996696709784,0.059316468990324944,1
382,3.4725772812628484,0
401,19.201561323700332,5.609435074809093,3
406,3.607490366731881,0
382,3.463444319605295,0
383,2.742449900364176,0
402,20.31539920280251,8.3476412469949,2
406,3.5295054561125685,0
385,4.754080241525983,0
403,19.089551186462565,22.778070678023816,3
386,3.617872659544133,0
409,4.270124015992915,0
410,3.177264834215141,0
404,22.41796908310613,-39.567035513426205,3
371,4.973227366880448,0
411,3.4257880437894075,0
412,4.272067052959473,0
405,21.89000466536557,-25.108398789842667,2
373,4.952974007065756,0
413,4.165077100113398,0
406,22.801526108474494,5.842330533007066,3
415,2.482804614259439,0
401,3.607490366731881,0
402,3.5295054561125685,0
407,22.149808361856152,8.899458356766718,2
415,4.471875506854814,0
384,4.965058854656308,0
408,22.89530429288126,10.713077978175075,1
416,3.5795280739688056,0
409,22.23532005237608,19.89049429735288,3
403,4.270124015992915,0
417,3.503794390023032,0
418,3.912753393852314,0
410,22.25889346841494,22.55383569732481,1
403,3.177264834215141,0
411,25.785781978603136,-38.939452832104834,3
404,3.4257880437894075,0
422,3.0846250189793083,0
423,3.284548543128749,0
412,25.96245802633193,-37.18225983501704,1
404,4.272067052959473,0
413,25.247156767041616,-27.573636509840707,1
405,4.165077100113398,0
414,24.932189807136385,-25.996571488355134,2
392,4.778461467124657,0
424,3.480417236726471,0
415,25.280605559636154,5.706375292519738,3
426,4.505892475412652,0
406,2.482804614259439,0
407,4.471875506854814,0
416,25.71883370464597,8.512918235513089,2
426,3.1413560116387247,0
408,3.5795280739688056,0
417,25.7369366016295,19.766976405728048,2
409,3.503794390023032,0
427,2.9304253883936817,0
418,25.057971271874344,22.60015833818299,1
409,3.912753393852314,0
419,24.763849698912246,39.90857859508901,1
420,4.744315161671451,0
420,25.500016557593334,44.59543091935156,2
428,3.2726365851956847,0
419,4.744315161671451,0
421,24.712790606976156,48.27342302494193,1
428,4.742369518785443,0
422,28.86974368624197,-39.003419178963625,3
411,3.0846250189793083,0
430,2.689202060277416,0
439,4.407603009514306,0
423,28.556367107285467,-37.17533345493857,1
411,3.284548543128749,0
424,28.41038272838484,-25.872160298022937,2
414,3.480417236726471,0
431,3.313963134999809,0
425,27.924800363094473,6.338626560370043,1
432,3.2262563830870596,0
426,28.859435447278077,8.44408302624539,3
447,4.937092324012634,0
415,4.505892475412652,0
416,3.1413560116387247,0
427,27.817164665565258,21.830963847297483,3
417,2.9304253883936817,0
435,4.215537799503374,0
436,3.1554767544743414,0
428,28.619472880550838,45.584947199117444,3
437,2.972757909140503,0
420,3.2726365851956847,0
421,4.742369518785443,0
429,28.143397584686777,47.539604407859414,1
437,3.9080965246099693,0
430,31.432840802132542,-39.81726246579085,1
422,2.689202060277416,0
431,31.609516849861336,-25.007352496865614,4
424,3.313963134999809,0
440,2.0198206013223396,0
441,3.600511631117519,0
452,4.493519455207722,0
432,31.066939688556293,5.606717611937016,2
445,4.64520938960073,0
425,3.2262563830870596,0
433,30.803469750386352,8.182737534209163,1
446,4.234746799406089,0
434,30.582024798804902,10.713077978175075,1
447,3.617409990158543,0
435,31.632463057165523,20.03812890729487,3
427,4.215537799503374,0
448,2.1031276383394077,0
449,3.4922137628722614,0
436,30.919789511973892,22.40607480222333,1
427,3.1554767544743414,0
437,31.590100444564627,45.69747036241691,3
450,2.9345275125449573,0
428,2.972757909140503,0
429,3.9080965246099693,0
438,30.66707783942919,48.151979556034746,1
450,4.740341522095046,0
439,33.2071982452861,-39.78665109717615,1
422,4.407603009514306,0
440,33.62699916215106,-25.104514120587393,2
431,2.0198206013223396,0
453,3.748994322587852,0
441,33.78524563944687,-22.13857431792232,1
431,3.600511631117519,0
442,33.996955867356206,-16.18576369909339,3
443,2.356190355805809,0
454,2.5793698596142445,0
455,3.4448624275972204,0
443,33.73461069581271,-13.844224033881604,1
442,2.356190355805809,0
444,34.20752483692362,0.01310903477957448,1
445,2.6781230051550127,0
445,34.65289490462773,2.653940027769045,3
458,3.854343856920608,0
432,4.64520938960073,0
444,2.6781230051550127,0
446,34.09964781714923,5.52411183523019,2
458,2.794878002740279,0
433,4.234746799406089,0
447,33.765642788345026,8.995454173736126,3
458,4.463445257787032,0
426,4.937092324012634,0
434,3.617409990158543,0
448,33.7341381593253,19.959977591830594,3
435,2.1031276383394077,0
461,3.2469410063804514,0
462,4.706742109765842,0
449,34.26653170408026,22.330995961647393,3
435,3.4922137628722614,0
463,4.1334218866870005,0
480,4.785389535876783,0
450,34.506494270807494,45.371742297712956,5
469,3.725132690542892,0
437,2.9345275125449573,0
438,4.740341522095046,0
451,2.638642113309677,0
471,3.680600587752456,0
451,33.812506226333866,47.91748635324152,1
450,2.638642113309677,0
452,36.03072765705081,-25.81022988023203,1
431,4.493519455207722,0
453,36.77243409804402,-23.06461277619351,1
440,3.748994322587852,0
454,36.55814010757742,-16.491515494392907,2
442,2.5793698596142445,0
475,4.394943132539462,0
455,36.56664363811705,-13.8914703643445,1
442,3.4448624275972204,0
456,35.95847744349341,0.059316468990324944,1
477,4.099740892565753,0
457,36.55814010757742,3.362889899341048,1
458,2.457445661524302,0
458,36.88097096367897,5.799038379564156,5
479,4.341563922344556,0
445,3.854343856920608,0
446,2.794878002740279,0
447,4.463445257787032,0
457,2.457445661524302,0
459,36.589172200109736,7.994210753218257,1
479,3.7023692307074407,0
460,36.44760931779244,10.713077978175075,1
479,4.383485265253165,0
461,36.97979982280359,19.868838878090447,1
448,3.2469410063804514,0
462,37.09588947017585,23.25422248434202,3
448,4.706742109765842,0
464,4.542888907655617,0
481,2.7287189941568326,0
463,37.0269553425796,25.407558626271207,2
449,4.1334218866870005,0
482,4.2240433896188625,0
464,37.01295135170479,27.79635424110612,3
462,4.542888907655617,0
465,3.480948778864472,0
483,4.098922928337165,0
465,36.376540527238475,31.2186320883272,3
464,3.480948778864472,0
466,2.3768974272259964,0
467,4.829003881383299,0
466,36.589172200109736,33.58599964560375,1
465,2.3768974272259964,0
467,37.45458091985602,35.925765759501196,3
465,4.829003881383299,0
468,3.0503755570094273,0
486,3.906578588396968,0
468,36.39538859838861,38.78634309020649,2
467,3.0503755570094273,0
469,4.184655496103635,0
469,37.273604833495924,42.8778071149126,4
468,4.184655496103635,0
450,3.725132690542892,0
470,1.7021670371370443,0
488,3.064487920561371,0
470,37.34764711798694,44.5783630129716,2
469,1.7021670371370443,0
489,4.0170031637968995,0
471,36.79413420465216,48.25506056312226,1
450,3.680600587752456,0
472,40.17586044249982,-48.78011659343999,4
473,3.6643893252745587,0
490,2.221605670394977,0
491,3.987310806484682,0
511,4.618769425546841,0
473,40.27811033162072,-45.11715411924497,4
472,3.6643893252745587,0
474,3.1995038228483015,0
492,3.71326603641518,0
512,4.802513155901742,0
474,39.834669963749676,-41.94852896745385,2
473,3.1995038228483015,0
493,2.9746526406572533,0
475,39.80332923456829,-13.527688126222479,2
454,4.394943132539462,0
494,2.557728101046827,0
476,39.537527923850405,-0.7430686744993917,1
477,3.7278030934112243,0
477,38.887720854887924,2.9276624075022144,3
497,3.9096271848883672,0
456,4.099740892565753,0
476,3.7278030934112243,0
478,39.11733335802878,5.71168944550802,1
479,3.042915490489841,0
479,40.251800785133966,8.53521885727273,5
498,2.8553458828952913,0
458,4.341563922344556,0
459,3.7023692307074407,0
460,4.383485265253165,0
478,3.042915490489841,0
480,39.049836865959904,22.189770119767974,3
449,4.785389535876783,0
501,3.7332002797348376,0
502,4.9940669841154985,0
481,38.77191178772827,25.407558626271207,1
462,2.7287189941568326,0
482,39.691765833352775,28.684955093842383,4
463,4.2240433896188625,0
484,4.4553592969773765,0
503,2.778361175400138,0
504,3.322559226170672,0
483,39.43751523174561,31.101298894810558,3
464,4.098922928337165,0
485,4.938031428641573,0
505,4.349494636812359,0
484,39.59596350980872,33.13928426667709,2
482,4.4553592969773765,0
506,4.737761530654938,0
485,39.111282312624084,36.02854218824893,2
483,4.938031428641573,0
507,4.927627741720837,0
486,39.049836865959904,39.49178801598556,3
467,3.906578588396968,0
487,3.6328976300352775,0
508,4.795983853874168,0
487,40.18463663299854,42.942900109071644,2
486,3.6328976300352775,0
509,2.6342689672956667,0
488,39.175618330697866,45.280603583972805,2
469,3.064487920561371,0
510,4.407281131581694,0
489,39.38166951934212,48.04233000021897,1
470,4.0170031637968995,0
490,42.21390715903272,-47.8958670042625,1
472,2.221605670394977,0
491,42.71320051873809,-45.70431542869857,2
472,3.987310806484682,0
513,3.607126884585873,0
492,42.001567546155165,-41.82807523802858,1
473,3.71326603641518,0
493,42.317054973222874,-40.309528358145876,1
474,2.9746526406572533,0
494,42.361057335615115,-13.527688126222479,2
475,2.557728101046827,0
514,2.621157561166978,0
495,42.72695844919137,-0.00725808324139976,2
497,4.9332985793800646,0
515,2.8289401301946473,0
496,43.02232783479019,2.0804607372653185,1
497,2.924358123832578,0
497,42.26104464351032,4.9039901490300215,5
498,4.388545311593749,0
477,3.9096271848883672,0
495,4.9332985793800646,0
496,2.924358123832578,0
516,3.991747090297971,0
498,43.02232783479019,9.226001006788966,6
500,4.64381149407265,0
479,2.8553458828952913,0
497,4.388545311593749,0
517,4.443492116214477,0
518,1.9174848300935285,0
537,4.624595546988567,0
499,42.04244742191801,11.061753326883228,1
500,2.959307554578324,0
500,42.97708250610161,13.869592079731664,5
521,4.5886243310197266,0
498,4.64381149407265,0
499,2.959307554578324,0
519,3.4646557319289566,0
538,4.785549255802117,0
501,42.71320051873809,22.908484997947024,5
480,3.7332002797348376,0
522,3.678416490938712,0
523,3.1203055383802547,0
524,3.7979327468672595,0
541,4.5801936492694,0
502,42.57023605244335,25.732014409711734,2
480,4.9940669841154985,0
525,3.8304054295403183,0
503,42.46754410265032,28.804729133877572,2
482,2.778361175400138,0
526,3.282982928255641,0
504,41.87614244586373,31.188532259844468,2
482,3.322559226170672,0
527,4.10610672915221,0
505,42.74595674650132,33.92482830657527,3
483,4.349494636812359,0
528,3.1750741219663707,0
542,4.560745567309828,0
506,42.441193028181566,36.92756267634204,2
484,4.737761530654938,0
529,4.2488398309177535,0
507,42.255833874740986,39.82239387672661,2
485,4.927627741720837,0
530,4.259057836535932,0
508,42.92658070422435,42.31531742775027,2
486,4.795983853874168,0
531,3.92275688319582,0
509,41.81662521039181,45.01074591456945,2
487,2.6342689672956667,0
532,4.181034913903971,0
510,42.99938985426453,47.472155159536726,1
488,4.407281131581694,0
511,44.64015462215652,-47.59558779098327,3
472,4.618769425546841,0
533,3.0367808795217925,0
534,4.38442808677717,0
512,45.037231873411166,-45.76127737070808,1
473,4.802513155901742,0
513,45.24302233333814,-43.13305776991058,1
491,3.607126884585873,0
514,44.84152544871856,-14.374886391293789,1
494,2.621157561166978,0
515,45.55048786095608,0.1676245091608699,1
495,2.8289401301946473,0
516,45.497543577873714,2.5675142812396183,1
497,3.991747090297971,0
517,45.264722439946276,5.389819491059153,3
498,4.443492116214477,0
535,3.9832358944007344,0
536,2.222515113758704,0
518,44.88497005004669,8.770685674757233,1
498,1.9174848300935285,0
519,45.92516915515014,12.049530418553669,1
500,3.4646557319289566,0
520,45.4769391305543,13.74955850131394,1
521,3.793161509817287,0
521,45.73938200619652,17.533630114878356,4
522,2.4937060119300902,0
500,4.5886243310197266,0
520,3.793161509817287,0
539,3.8702937479485833,0
522,44.611018332008086,19.757447799111542,3
501,3.678416490938712,0
521,2.4937060119300902,0
540,3.3480271770939014,0
523,45.818235353281054,22.60015833818299,1
501,3.1203055383802547,0
524,44.81259684557885,26.073422313688713,1
501,3.7979327468672595,0
525,45.264722439946276,28.454467138817122,1
502,3.8304054295403183,0
526,45.35000103558905,30.37616762677872,1
503,3.282982928255641,0
527,45.12447672114743,33.700192449282156,1
504,4.10610672915221,0
528,44.41897061125769,36.62336870618271,1
505,3.1750741219663707,0
529,45.04531144198909,40.28482453620072,1
506,4.2488398309177535,0
530,45.80061191786632,42.18335179247493,2
507,4.259057836535932,0
543,3.1945456078702734,0
531,44.907210964106675,45.70133652667731,2
508,3.92275688319582,0
544,3.5521278893264,0
532,44.59447153305637,48.13558555188573,1
509,4.181034913903971,0
533,47.64620656599198,-48.026505209048736,1
511,3.0367808795217925,0
534,47.96411379675228,-44.736478654601584,1
511,4.38442808677717,0
535,47.835392061159254,2.3471519296888443,1
517,3.9832358944007344,0
536,47.435024122686755,5.868739146930267,1
517,2.222515113758704,0
537,47.64620656599198,9.144579557734158,1
498,4.624595546988567,0
538,47.301025901093794,11.81898358550083,1
500,4.785549255802117,0
539,47.63612625734355,14.159977059042502,1
521,3.8702937479485833,0
540,47.86884085375379,20.529379399297618,1
522,3.3480271770939014,0
541,47.24250002302239,22.22758862896142,1
501,4.5801936492694,0
542,47.30176937124792,33.712763557180814,1
505,4.560745567309828,0
543,47.43454774377278,44.92841560914343,1
530,3.1945456078702734,0
544,47.835392061159254,47.71214929891504,1
531,3.5521278893264,0
